20
0,87,52,87,94,21,73,5,37,13,43,7,91,61,35,61,100,24,86,55
87,0,67,73,98,53,5,1,83,33,2,93,74,73,25,72,67,90,32,95
52,67,0,34,69,100,14,13,98,10,86,26,88,10,27,23,99,99,30,35
87,73,34,0,49,84,47,65,20,93,37,17,68,40,64,39,38,99,95,10
94,98,69,49,0,32,41,82,55,49,34,75,80,6,11,28,71,90,94,48
21,53,100,84,32,0,67,26,70,10,48,26,80,64,36,76,11,70,83,20
73,5,14,47,41,67,0,32,27,87,27,86,19,95,86,28,48,51,21,32
5,1,13,65,82,26,32,0,66,72,32,48,78,16,88,80,45,68,86,16
37,83,98,20,55,70,27,66,0,50,58,3,55,82,87,99,15,18,15,63
13,33,10,93,49,10,87,72,50,0,99,4,67,4,71,22,90,4,34,93
43,2,86,37,34,48,27,32,58,99,0,31,56,89,70,17,45,48,10,15
7,93,26,17,75,26,86,48,3,4,31,0,64,48,79,61,2,88,86,39
91,74,88,68,80,80,19,78,55,67,56,64,0,10,69,10,19,32,95,94
61,73,10,40,6,64,95,16,82,4,89,48,10,0,8,87,32,8,31,37
35,25,27,64,11,36,86,88,87,71,70,79,69,8,0,17,70,99,4,20
61,72,23,39,28,76,28,80,99,22,17,61,10,87,17,0,89,67,73,67
100,67,99,38,71,11,48,45,15,90,45,2,19,32,70,89,0,14,2,23
24,90,99,99,90,70,51,68,18,4,48,88,32,8,99,67,14,0,43,61
86,32,30,95,94,83,21,86,15,34,10,86,95,31,4,73,2,43,0,76
55,95,35,10,48,20,32,16,63,93,15,39,94,37,20,67,23,61,76,0
